26
2
200.345
10101010101010101010101010
01010101010101010101010101
10101010101010101010101010
01010101010101010101010101
10101010101010101010101010
01010101010101010101010101
10101010101010101010101010
01010101010101010101010101
10101010101010101010101010
01010101010101010101010101
10101010101010101010101010
01010101010101010101010101
10101010101010101010101010
01010101010101010101010101
10101010101010101010101010
01010101010101010101010101
10101010101010101010101010
01010101010101010101010101
10101010101010101010101010
01010101010101010101010101
10101010101010101010101010
01010101010101010101010101
10101010101010101010101010
01010101010101010101010101
10101010101010101010101010
01010101010101010101010101
